110,4
110,3
110,2
110,1
110,0
109,5
109,4
109,3
109,2
109,1
109,0
108,4
108,3
108,2
108,1
108,0
107,5
107,4
107,3
107,2
107,1
107,0
106,4
106,3
106,2
106,1
106,0
105,4
105,3
105,2
105,1
105,0
104,6
104,5
104,4
104,3
104,2
104,1
104,0
103,7
103,6
103,5
103,4
103,3
103,2
103,1
103,0
102,3
102,2
102,1
102,0
101,3
101,2
101,1
101,0
100,3
100,2
100,1
100,0
99,3
99,2
99,1
99,0
98,3
98,2
98,1
98,0
97,3
97,2
97,1
97,0
91,7
91,6
91,5
91,4
96,3
96,2
96,1
96,0
95,3
95,2
95,1
95,0
94,3
94,2
94,1
94,0
93,3
93,2
93,1
93,0
92,3
92,2
92,1
92,0
91,3
91,2
91,1
91,0
90,4
90,3
90,2
90,1
90,0
89,5
89,4
89,3
89,2
89,1
89,0
88,7
88,6
88,5
88,4
88,3
88,2
88,1
88,0
87,7
87,6
87,5
87,4
87,3
87,2
87,1
87,0
86,7
86,6
86,5
86,4
86,3
86,2
86,1
86,0
85,4
85,3
85,2
85,1
85,0
84,6
84,5
84,4
84,3
84,2
84,1
84,0
83,5
83,4
83,3
83,2
83,1
83,0
82,5
82,4
82,3
82,2
82,1
82,0
81,5
81,4
81,3
81,2
81,1
81,0
14,5
14,4
80,3
80,2
80,1
80,0
79,3
79,2
79,1
79,0
78,3
78,2
78,1
78,0
77,3
77,2
77,1
77,0
76,3
76,2
76,1
76,0
75,3
75,2
75,1
75,0
69,7
69,6
69,5
69,4
74,3
74,2
74,1
74,0
73,3
73,2
73,1
73,0
72,3
72,2
72,1
72,0
71,3
71,2
71,1
71,0
70,3
70,2
70,1
70,0
69,3
69,2
69,1
69,0
42,6
44,4
68,3
68,2
68,1
68,0
67,3
67,2
67,1
67,0
66,3
66,2
66,1
66,0
65,3
65,2
65,1
65,0
64,3
64,2
64,1
64,0
63,3
63,2
